  File: /opt/techcorp/devproject
  Size: 4096      	Blocks: 8          IO Block: 4096   directory
Device: 802h/2050d	Inode: 1234567     Links: 2
Access: (0770/drwxrwx---)  Uid: (    0/    root)   Gid: ( 1001/ devteam)
Access: 2026-06-07 10:05:00.000000000 +0700
Modify: 2026-06-07 10:05:00.000000000 +0700
Change: 2026-06-07 10:05:00.000000000 +0700
 Birth: -
